                          444                          
                         44444                         
                       4444444       64444             
                       4444444   64444444444           
                      444464444   446      4444        
                     6444   64446         444          
                 4444444       4444444    4446          
           444444444444   64444   644444644446           
         444444444       6444446       444444444        
          444444444444    44444      4444644444         
                 6444444        444446                  
               6444    4444     444446                   
              4444      444444444                       
             6444       44444466                        
             4444444444446   4444                       
              64444446    44444                         
                          4444                          
                           444                          
